9.721138477325439453e-01
9.721138477325439453e-01
9.721138477325439453e-01
9.721138477325439453e-01
9.515125155448913574e-01
9.515125155448913574e-01
9.515125155448913574e-01
9.515125155448913574e-01
9.515125155448913574e-01
9.695550203323364258e-01
9.695550203323364258e-01
9.695550203323364258e-01
9.637959003448486328e-01
9.637959003448486328e-01
9.637959003448486328e-01
9.637959003448486328e-01
9.923837184906005859e-01
9.923837184906005859e-01
9.923837184906005859e-01
9.923837184906005859e-01
9.923837184906005859e-01
9.923837184906005859e-01
9.923837184906005859e-01
9.923837184906005859e-01
9.923837184906005859e-01
9.923837184906005859e-01
9.923837184906005859e-01
9.923837184906005859e-01
9.923837184906005859e-01
9.923837184906005859e-01
9.923837184906005859e-01
9.923837184906005859e-01
9.923837184906005859e-01
9.923837184906005859e-01
9.923837184906005859e-01
9.932832121849060059e-01
9.970644116401672363e-01
9.970644116401672363e-01
9.970644116401672363e-01
9.819226264953613281e-01
9.413015246391296387e-01
9.846352338790893555e-01
9.541586637496948242e-01
9.541586637496948242e-01
9.541586637496948242e-01
9.541586637496948242e-01
9.541586637496948242e-01
9.721707701683044434e-01
9.613057374954223633e-01
9.613057374954223633e-01
9.637959003448486328e-01
9.944413900375366211e-01
9.374696016311645508e-01
9.727736711502075195e-01
9.957562685012817383e-01
9.637959003448486328e-01
9.770303368568420410e-01
9.703392982482910156e-01
9.703392982482910156e-01
9.745628833770751953e-01
9.745628833770751953e-01
9.745628833770751953e-01
9.745628833770751953e-01
9.745628833770751953e-01
9.745628833770751953e-01
9.745628833770751953e-01
9.745628833770751953e-01
9.745628833770751953e-01
9.745628833770751953e-01
9.745628833770751953e-01
9.745628833770751953e-01
9.745628833770751953e-01
9.889981746673583984e-01
9.889981746673583984e-01
9.889981746673583984e-01
9.726016521453857422e-01
9.846016168594360352e-01
9.846016168594360352e-01
9.846016168594360352e-01
9.846016168594360352e-01
9.846016168594360352e-01
9.846016168594360352e-01
9.846016168594360352e-01
9.846016168594360352e-01
9.846016168594360352e-01
9.846016168594360352e-01
9.846016168594360352e-01
9.846016168594360352e-01
9.846016168594360352e-01
9.846016168594360352e-01
9.846016168594360352e-01
9.846016168594360352e-01
9.846016168594360352e-01
9.846016168594360352e-01
9.846016168594360352e-01
9.846016168594360352e-01
9.846016168594360352e-01
9.846016168594360352e-01
9.846016168594360352e-01
9.846016168594360352e-01
9.846016168594360352e-01
9.846016168594360352e-01
9.846016168594360352e-01
9.846016168594360352e-01
9.846016168594360352e-01
9.846016168594360352e-01
9.846016168594360352e-01
9.846016168594360352e-01
9.846016168594360352e-01
9.846016168594360352e-01
9.846016168594360352e-01
9.846016168594360352e-01
9.846016168594360352e-01
9.971548318862915039e-01
9.977108240127563477e-01
9.726016521453857422e-01
9.726016521453857422e-01
9.726016521453857422e-01
9.726016521453857422e-01
9.692727327346801758e-01
9.806764125823974609e-01
9.797444939613342285e-01
9.967395663261413574e-01
9.967395663261413574e-01
9.967395663261413574e-01
9.439115524291992188e-01
9.439115524291992188e-01
9.728730916976928711e-01
9.740849137306213379e-01
9.734669923782348633e-01
9.913616180419921875e-01
9.879169464111328125e-01
9.879169464111328125e-01
9.439115524291992188e-01
9.756745100021362305e-01
9.756745100021362305e-01
9.728730916976928711e-01
9.846657514572143555e-01
9.970906972885131836e-01
9.797444939613342285e-01
9.747574329376220703e-01
9.747574329376220703e-01
9.747574329376220703e-01
9.747574329376220703e-01
9.728730916976928711e-01
9.728730916976928711e-01
9.855452775955200195e-01
9.855452775955200195e-01
9.855452775955200195e-01
9.439115524291992188e-01
9.439115524291992188e-01
9.439115524291992188e-01
9.801876544952392578e-01
9.967554807662963867e-01
9.439115524291992188e-01
9.439115524291992188e-01
9.744765758514404297e-01
9.700074791908264160e-01
9.700074791908264160e-01
9.700074791908264160e-01
9.700074791908264160e-01
9.700074791908264160e-01
9.700074791908264160e-01
9.700074791908264160e-01
9.700074791908264160e-01
9.700074791908264160e-01
9.981805086135864258e-01
9.981805086135864258e-01
9.981805086135864258e-01
9.981805086135864258e-01
9.981805086135864258e-01
9.981805086135864258e-01
9.981805086135864258e-01
9.981805086135864258e-01
9.981805086135864258e-01
9.981805086135864258e-01
9.744765758514404297e-01
9.734669923782348633e-01
9.982027411460876465e-01
9.982027411460876465e-01
9.982027411460876465e-01
9.982027411460876465e-01
9.982027411460876465e-01
9.982027411460876465e-01
9.982027411460876465e-01
9.982027411460876465e-01
9.787054061889648438e-01
9.787054061889648438e-01
9.787054061889648438e-01
9.787054061889648438e-01
9.787054061889648438e-01
9.787054061889648438e-01
9.787054061889648438e-01
9.787054061889648438e-01
9.889981746673583984e-01
9.889981746673583984e-01
9.889981746673583984e-01
9.684489369392395020e-01
9.684489369392395020e-01
9.684489369392395020e-01
9.889981746673583984e-01
9.692727327346801758e-01
9.692727327346801758e-01
9.692727327346801758e-01
9.744765758514404297e-01
9.692727327346801758e-01
9.692727327346801758e-01
9.744765758514404297e-01
9.734669923782348633e-01
8.866012096405029297e-01
8.866012096405029297e-01
9.748456478118896484e-01
9.689518213272094727e-01
9.972776174545288086e-01
9.801211357116699219e-01
9.801211357116699219e-01
9.801211357116699219e-01
9.801211357116699219e-01
9.801211357116699219e-01
9.692727327346801758e-01
9.692727327346801758e-01
9.692727327346801758e-01
9.692727327346801758e-01
9.692727327346801758e-01
9.692727327346801758e-01
9.692727327346801758e-01
9.692727327346801758e-01
9.692727327346801758e-01
9.801211357116699219e-01
9.801211357116699219e-01
9.801211357116699219e-01
9.728730916976928711e-01
9.953438043594360352e-01
9.744765758514404297e-01
9.744765758514404297e-01
9.744765758514404297e-01
9.797444939613342285e-01
9.797444939613342285e-01
9.692727327346801758e-01
9.439115524291992188e-01
9.728730916976928711e-01
9.640485048294067383e-01
9.640485048294067383e-01
9.640485048294067383e-01
9.640485048294067383e-01
9.640485048294067383e-01
9.971579313278198242e-01
9.971579313278198242e-01
9.971579313278198242e-01
9.744765758514404297e-01
9.744765758514404297e-01
9.744765758514404297e-01
9.846016168594360352e-01
8.866012096405029297e-01
8.866012096405029297e-01
8.866012096405029297e-01
8.866012096405029297e-01
8.866012096405029297e-01
8.866012096405029297e-01
9.806828498840332031e-01
9.726016521453857422e-01
9.726016521453857422e-01
9.813266396522521973e-01
9.744765758514404297e-01
9.744765758514404297e-01
9.726016521453857422e-01
9.726016521453857422e-01
9.726016521453857422e-01
9.726016521453857422e-01
9.726016521453857422e-01
9.726016521453857422e-01
9.963302612304687500e-01
9.963302612304687500e-01
9.963302612304687500e-01
9.963302612304687500e-01
9.963302612304687500e-01
9.963302612304687500e-01
9.744765758514404297e-01
9.744765758514404297e-01
9.944388270378112793e-01
9.944388270378112793e-01
9.963686466217041016e-01
9.692727327346801758e-01
9.692727327346801758e-01
9.692727327346801758e-01
9.692727327346801758e-01
9.846506714820861816e-01
9.728730916976928711e-01
9.833841919898986816e-01
9.833841919898986816e-01
9.963686466217041016e-01
9.720917940139770508e-01
9.720917940139770508e-01
9.740654230117797852e-01
9.740654230117797852e-01
9.740654230117797852e-01
9.766572713851928711e-01
9.971579313278198242e-01
9.728730916976928711e-01
9.747574329376220703e-01
9.747574329376220703e-01
9.692727327346801758e-01
9.728730916976928711e-01
9.728730916976928711e-01
9.747574329376220703e-01
9.747574329376220703e-01
9.801211357116699219e-01
9.801211357116699219e-01
9.801211357116699219e-01
9.744765758514404297e-01
9.744765758514404297e-01
9.744765758514404297e-01
9.971548318862915039e-01
9.971548318862915039e-01
9.963686466217041016e-01
9.963686466217041016e-01
9.963686466217041016e-01
9.963686466217041016e-01
9.963686466217041016e-01
9.743378162384033203e-01
9.439115524291992188e-01
9.695186614990234375e-01
9.731231927871704102e-01
9.439115524291992188e-01
9.439115524291992188e-01
9.439115524291992188e-01
9.816288948059082031e-01
9.816288948059082031e-01
9.877453446388244629e-01
9.877453446388244629e-01
9.877453446388244629e-01
9.948040843009948730e-01
9.745628237724304199e-01
