9.509615898132324219e-01
9.509615898132324219e-01
9.509615898132324219e-01
9.509615898132324219e-01
9.727828502655029297e-01
9.727828502655029297e-01
9.727827310562133789e-01
9.727827310562133789e-01
9.727827310562133789e-01
7.768130898475646973e-01
7.768130898475646973e-01
7.768130898475646973e-01
9.131257534027099609e-01
9.131257534027099609e-01
9.131257534027099609e-01
9.131257534027099609e-01
9.965023398399353027e-01
9.965023398399353027e-01
9.965023398399353027e-01
9.965023398399353027e-01
9.965023398399353027e-01
9.965023398399353027e-01
9.965023398399353027e-01
9.965023398399353027e-01
9.965023398399353027e-01
9.965023398399353027e-01
9.965023398399353027e-01
9.965023398399353027e-01
9.965023398399353027e-01
9.965023398399353027e-01
9.965023398399353027e-01
9.965023398399353027e-01
9.965023398399353027e-01
9.965023398399353027e-01
9.965023398399353027e-01
5.969794392585754395e-01
5.972594022750854492e-02
5.972594022750854492e-02
5.972594022750854492e-02
9.760621786117553711e-01
8.900997638702392578e-01
9.894645214080810547e-01
9.574316740036010742e-01
9.574316740036010742e-01
9.574316740036010742e-01
9.574316740036010742e-01
9.574316740036010742e-01
9.854230880737304688e-01
9.328701496124267578e-01
9.328701496124267578e-01
9.131257534027099609e-01
8.984727263450622559e-01
9.792121052742004395e-01
9.454931020736694336e-01
2.646073400974273682e-01
9.131257534027099609e-01
8.942968845367431641e-01
8.467099666595458984e-01
8.467099666595458984e-01
9.604370594024658203e-01
9.604370594024658203e-01
9.604370594024658203e-01
9.604370594024658203e-01
9.604370594024658203e-01
9.604370594024658203e-01
9.604370594024658203e-01
9.604370594024658203e-01
9.604370594024658203e-01
9.604370594024658203e-01
9.604370594024658203e-01
9.604370594024658203e-01
9.604370594024658203e-01
9.939767718315124512e-01
9.939767718315124512e-01
9.939767718315124512e-01
9.876163005828857422e-01
9.960988759994506836e-01
9.960988759994506836e-01
9.960988759994506836e-01
9.960988759994506836e-01
9.960988759994506836e-01
9.960988759994506836e-01
9.960988759994506836e-01
9.960988759994506836e-01
9.960988759994506836e-01
9.960988759994506836e-01
9.960988759994506836e-01
9.960988759994506836e-01
9.960988759994506836e-01
9.960988759994506836e-01
9.960988759994506836e-01
9.960988759994506836e-01
9.960988759994506836e-01
9.960988759994506836e-01
9.960988759994506836e-01
9.960988759994506836e-01
9.960988759994506836e-01
9.960988759994506836e-01
9.960988759994506836e-01
9.960988759994506836e-01
9.960988759994506836e-01
9.960988759994506836e-01
9.960988759994506836e-01
9.960988759994506836e-01
9.960988759994506836e-01
9.960988759994506836e-01
9.960988759994506836e-01
9.960988759994506836e-01
9.960988759994506836e-01
9.960988759994506836e-01
9.960988759994506836e-01
9.960988759994506836e-01
9.960988759994506836e-01
9.979404211044311523e-01
8.879167437553405762e-01
9.876163005828857422e-01
9.876163005828857422e-01
9.876163005828857422e-01
9.876163005828857422e-01
9.761244654655456543e-01
9.986348152160644531e-01
9.894884824752807617e-01
8.357155919075012207e-01
8.357155919075012207e-01
8.357155919075012207e-01
7.545031309127807617e-01
7.545031309127807617e-01
9.961152672767639160e-01
9.953954219818115234e-01
9.933885335922241211e-01
9.992960691452026367e-01
9.986069202423095703e-01
9.986069202423095703e-01
7.545031309127807617e-01
9.994465112686157227e-01
9.994465112686157227e-01
9.961152672767639160e-01
9.859871864318847656e-01
9.731073379516601562e-01
9.894884824752807617e-01
9.323970079421997070e-01
9.323970079421997070e-01
9.323970079421997070e-01
9.323970079421997070e-01
9.961152672767639160e-01
9.961152672767639160e-01
9.830054044723510742e-01
9.830054044723510742e-01
9.830054044723510742e-01
7.545031309127807617e-01
7.545031309127807617e-01
7.545031309127807617e-01
9.980294704437255859e-01
8.032989501953125000e-01
7.545031309127807617e-01
7.545031309127807617e-01
9.592832326889038086e-01
9.981228113174438477e-01
9.981228113174438477e-01
9.981228113174438477e-01
9.981228113174438477e-01
9.981228113174438477e-01
9.981228113174438477e-01
9.981228113174438477e-01
9.981228113174438477e-01
9.981228113174438477e-01
9.993461370468139648e-01
9.993461370468139648e-01
9.993461370468139648e-01
9.993461370468139648e-01
9.993461370468139648e-01
9.993461370468139648e-01
9.993461370468139648e-01
9.993461370468139648e-01
9.993461370468139648e-01
9.993461370468139648e-01
9.592832326889038086e-01
9.933885335922241211e-01
9.857594966888427734e-01
9.857594966888427734e-01
9.857594966888427734e-01
9.857594966888427734e-01
9.857594966888427734e-01
9.857594966888427734e-01
9.857594966888427734e-01
9.857594966888427734e-01
9.993067979812622070e-01
9.993067979812622070e-01
9.993067979812622070e-01
9.993067979812622070e-01
9.993067979812622070e-01
9.993067979812622070e-01
9.993067979812622070e-01
9.993067979812622070e-01
9.939767718315124512e-01
9.939767718315124512e-01
9.939767718315124512e-01
9.951919317245483398e-01
9.951919317245483398e-01
9.951919317245483398e-01
9.939767718315124512e-01
9.761244654655456543e-01
9.761244654655456543e-01
9.761244654655456543e-01
9.592832326889038086e-01
9.761244654655456543e-01
9.761244654655456543e-01
9.592832326889038086e-01
9.933885335922241211e-01
9.934741258621215820e-01
9.934741258621215820e-01
9.990865588188171387e-01
9.988063573837280273e-01
2.485110759735107422e-01
9.899377822875976562e-01
9.899377822875976562e-01
9.899377822875976562e-01
9.899377822875976562e-01
9.899377822875976562e-01
9.761244654655456543e-01
9.761244654655456543e-01
9.761244654655456543e-01
9.761244654655456543e-01
9.761244654655456543e-01
9.761244654655456543e-01
9.761244654655456543e-01
9.761244654655456543e-01
9.761244654655456543e-01
9.899377822875976562e-01
9.899377822875976562e-01
9.899377822875976562e-01
9.961152672767639160e-01
9.989067316055297852e-01
9.592832326889038086e-01
9.592832326889038086e-01
9.592832326889038086e-01
9.894884824752807617e-01
9.894884824752807617e-01
9.761244654655456543e-01
7.545031309127807617e-01
9.961152672767639160e-01
9.937251210212707520e-01
9.937251210212707520e-01
9.937251210212707520e-01
9.937251210212707520e-01
9.937251210212707520e-01
8.243647813796997070e-01
8.243647813796997070e-01
8.243647813796997070e-01
9.592832326889038086e-01
9.592832326889038086e-01
9.592832326889038086e-01
9.960988759994506836e-01
9.934741258621215820e-01
9.934741258621215820e-01
9.934741258621215820e-01
9.934741258621215820e-01
9.934741258621215820e-01
9.934741258621215820e-01
9.819443225860595703e-01
9.876163005828857422e-01
9.876163005828857422e-01
9.932014942169189453e-01
9.592832326889038086e-01
9.592832326889038086e-01
9.876163005828857422e-01
9.876163005828857422e-01
9.876163005828857422e-01
9.876163005828857422e-01
9.876163005828857422e-01
9.876163005828857422e-01
9.996097087860107422e-01
9.996097087860107422e-01
9.996097087860107422e-01
9.996097087860107422e-01
9.996097087860107422e-01
9.996097087860107422e-01
9.592832326889038086e-01
9.592832326889038086e-01
9.895154237747192383e-01
9.895154237747192383e-01
9.915270209312438965e-01
9.761244654655456543e-01
9.761244654655456543e-01
9.761244654655456543e-01
9.761244654655456543e-01
9.988552927970886230e-01
9.961152672767639160e-01
9.964622259140014648e-01
9.964622259140014648e-01
9.915270209312438965e-01
9.992614388465881348e-01
9.992614388465881348e-01
9.641609191894531250e-01
9.641609191894531250e-01
9.641609191894531250e-01
9.991847276687622070e-01
8.243647813796997070e-01
9.961152672767639160e-01
9.323970079421997070e-01
9.323970079421997070e-01
9.761244654655456543e-01
9.961152672767639160e-01
9.961152672767639160e-01
9.323970079421997070e-01
9.323970079421997070e-01
9.899377822875976562e-01
9.899377822875976562e-01
9.899377822875976562e-01
9.592832326889038086e-01
9.592832326889038086e-01
9.592832326889038086e-01
9.979404211044311523e-01
9.979404211044311523e-01
9.915270209312438965e-01
9.915270209312438965e-01
9.915270209312438965e-01
9.915270209312438965e-01
9.915270209312438965e-01
9.812550544738769531e-01
7.545030713081359863e-01
9.981061220169067383e-01
9.971940517425537109e-01
7.545030713081359863e-01
7.545030713081359863e-01
7.545030713081359863e-01
9.298231601715087891e-01
9.298231601715087891e-01
9.488880634307861328e-01
9.488880634307861328e-01
9.488879442214965820e-01
9.935844540596008301e-01
9.604370594024658203e-01
