8.699265718460083008e-01
8.699265718460083008e-01
8.699265718460083008e-01
8.699265718460083008e-01
8.035086393356323242e-01
8.035086393356323242e-01
8.035085201263427734e-01
8.035085201263427734e-01
8.035085201263427734e-01
8.685632944107055664e-01
8.685632944107055664e-01
8.685632944107055664e-01
9.695730805397033691e-01
9.695730805397033691e-01
9.695730805397033691e-01
9.695730805397033691e-01
9.991195201873779297e-01
9.991195201873779297e-01
9.991195201873779297e-01
9.991195201873779297e-01
9.991195201873779297e-01
9.991195201873779297e-01
9.991195201873779297e-01
9.991195201873779297e-01
9.991195201873779297e-01
9.991195201873779297e-01
9.991195201873779297e-01
9.991195201873779297e-01
9.991195201873779297e-01
9.991195201873779297e-01
9.991195201873779297e-01
9.991195201873779297e-01
9.991195201873779297e-01
9.991195201873779297e-01
9.991195201873779297e-01
8.922526836395263672e-01
4.776794910430908203e-01
4.776794910430908203e-01
4.776794910430908203e-01
9.411215782165527344e-01
9.143208265304565430e-01
9.444944858551025391e-01
9.791867136955261230e-01
9.791867136955261230e-01
9.791867136955261230e-01
9.791867136955261230e-01
9.791867136955261230e-01
9.556214809417724609e-01
9.644070863723754883e-01
9.644070863723754883e-01
9.695730805397033691e-01
7.227780818939208984e-01
9.733459949493408203e-01
9.468400478363037109e-01
9.249162673950195312e-01
9.695730805397033691e-01
9.518837332725524902e-01
9.129151105880737305e-01
9.129151105880737305e-01
9.291104674339294434e-01
9.291104674339294434e-01
9.291104674339294434e-01
9.291104674339294434e-01
9.291104674339294434e-01
9.291104674339294434e-01
9.291104674339294434e-01
9.291104674339294434e-01
9.291104674339294434e-01
9.291104674339294434e-01
9.291104674339294434e-01
9.291104674339294434e-01
9.291104674339294434e-01
9.605399370193481445e-01
9.605399370193481445e-01
9.605399370193481445e-01
9.874802231788635254e-01
9.460794925689697266e-01
9.460794925689697266e-01
9.460794925689697266e-01
9.460794925689697266e-01
9.460794925689697266e-01
9.460794925689697266e-01
9.460794925689697266e-01
9.460794925689697266e-01
9.460794925689697266e-01
9.460794925689697266e-01
9.460794925689697266e-01
9.460794925689697266e-01
9.460794925689697266e-01
9.460794925689697266e-01
9.460794925689697266e-01
9.460794925689697266e-01
9.460794925689697266e-01
9.460794925689697266e-01
9.460794925689697266e-01
9.460794925689697266e-01
9.460794925689697266e-01
9.460794925689697266e-01
9.460794925689697266e-01
9.460794925689697266e-01
9.460794925689697266e-01
9.460794925689697266e-01
9.460794925689697266e-01
9.460794925689697266e-01
9.460794925689697266e-01
9.460794925689697266e-01
9.460794925689697266e-01
9.460794925689697266e-01
9.460794925689697266e-01
9.460794925689697266e-01
9.460794925689697266e-01
9.460794925689697266e-01
9.460794925689697266e-01
9.767801761627197266e-01
9.466845989227294922e-01
9.874802231788635254e-01
9.874802231788635254e-01
9.874802231788635254e-01
9.874802231788635254e-01
9.626902341842651367e-01
9.861465692520141602e-01
9.542953968048095703e-01
6.986209750175476074e-01
6.986209750175476074e-01
6.986209750175476074e-01
8.850592374801635742e-01
8.850592374801635742e-01
9.054696559906005859e-01
9.952743053436279297e-01
9.354887604713439941e-01
9.348177909851074219e-01
9.750236272811889648e-01
9.750236272811889648e-01
8.850592374801635742e-01
9.711792469024658203e-01
9.711792469024658203e-01
9.054696559906005859e-01
9.629966020584106445e-01
8.065540790557861328e-01
9.542953968048095703e-01
8.991047143936157227e-01
8.991047143936157227e-01
8.991047143936157227e-01
8.991047143936157227e-01
9.054696559906005859e-01
9.054696559906005859e-01
9.700341224670410156e-01
9.700341224670410156e-01
9.700341224670410156e-01
8.850592374801635742e-01
8.850592374801635742e-01
8.850592374801635742e-01
9.654663205146789551e-01
9.605474472045898438e-01
8.850592374801635742e-01
8.850592374801635742e-01
8.882436752319335938e-01
9.916856884956359863e-01
9.916856884956359863e-01
9.916856884956359863e-01
9.916856884956359863e-01
9.916856884956359863e-01
9.916856884956359863e-01
9.916856884956359863e-01
9.916856884956359863e-01
9.916856884956359863e-01
9.997094869613647461e-01
9.997094869613647461e-01
9.997094869613647461e-01
9.997094869613647461e-01
9.997094869613647461e-01
9.997094869613647461e-01
9.997094869613647461e-01
9.997094869613647461e-01
9.997094869613647461e-01
9.997094869613647461e-01
8.882436752319335938e-01
9.354887604713439941e-01
8.739244937896728516e-01
8.739244937896728516e-01
8.739244937896728516e-01
8.739244937896728516e-01
8.739244937896728516e-01
8.739244937896728516e-01
8.739244937896728516e-01
8.739244937896728516e-01
9.819749593734741211e-01
9.819749593734741211e-01
9.819749593734741211e-01
9.819749593734741211e-01
9.819749593734741211e-01
9.819749593734741211e-01
9.819749593734741211e-01
9.819749593734741211e-01
9.605399370193481445e-01
9.605399370193481445e-01
9.605399370193481445e-01
9.946199059486389160e-01
9.946199059486389160e-01
9.946199059486389160e-01
9.605399370193481445e-01
9.626902341842651367e-01
9.626902341842651367e-01
9.626902341842651367e-01
8.882436752319335938e-01
9.626902341842651367e-01
9.626902341842651367e-01
8.882436752319335938e-01
9.354887604713439941e-01
9.704340696334838867e-01
9.704340696334838867e-01
9.614183306694030762e-01
9.867398142814636230e-01
4.928088188171386719e-01
9.620933532714843750e-01
9.620933532714843750e-01
9.620933532714843750e-01
9.620933532714843750e-01
9.620933532714843750e-01
9.626902341842651367e-01
9.626902341842651367e-01
9.626902341842651367e-01
9.626902341842651367e-01
9.626902341842651367e-01
9.626902341842651367e-01
9.626902341842651367e-01
9.626902341842651367e-01
9.626902341842651367e-01
9.620933532714843750e-01
9.620933532714843750e-01
9.620933532714843750e-01
9.054696559906005859e-01
9.875351786613464355e-01
8.882436752319335938e-01
8.882436752319335938e-01
8.882436752319335938e-01
9.542953968048095703e-01
9.542953968048095703e-01
9.626902341842651367e-01
8.850592374801635742e-01
9.054696559906005859e-01
9.842373132705688477e-01
9.842373132705688477e-01
9.842373132705688477e-01
9.842373132705688477e-01
9.842373132705688477e-01
8.709659576416015625e-01
8.709659576416015625e-01
8.709659576416015625e-01
8.882436752319335938e-01
8.882436752319335938e-01
8.882436752319335938e-01
9.460794925689697266e-01
9.704340696334838867e-01
9.704340696334838867e-01
9.704340696334838867e-01
9.704340696334838867e-01
9.704340696334838867e-01
9.704340696334838867e-01
9.704503417015075684e-01
9.874802231788635254e-01
9.874802231788635254e-01
9.858872890472412109e-01
8.882436752319335938e-01
8.882436752319335938e-01
9.874802231788635254e-01
9.874802231788635254e-01
9.874802231788635254e-01
9.874802231788635254e-01
9.874802231788635254e-01
9.874802231788635254e-01
9.998974800109863281e-01
9.998974800109863281e-01
9.998974800109863281e-01
9.998974800109863281e-01
9.998974800109863281e-01
9.998974800109863281e-01
8.882436752319335938e-01
8.882436752319335938e-01
4.933632314205169678e-01
4.933632314205169678e-01
7.552486658096313477e-01
9.626902341842651367e-01
9.626902341842651367e-01
9.626902341842651367e-01
9.626902341842651367e-01
9.885512590408325195e-01
9.054696559906005859e-01
9.582744836807250977e-01
9.582744836807250977e-01
7.552486658096313477e-01
9.770001769065856934e-01
9.770001769065856934e-01
9.757698774337768555e-01
9.757698774337768555e-01
9.757698774337768555e-01
9.847458004951477051e-01
8.709659576416015625e-01
9.054696559906005859e-01
8.991047143936157227e-01
8.991047143936157227e-01
9.626902341842651367e-01
9.054696559906005859e-01
9.054696559906005859e-01
8.991047143936157227e-01
8.991047143936157227e-01
9.620933532714843750e-01
9.620933532714843750e-01
9.620933532714843750e-01
8.882436752319335938e-01
8.882436752319335938e-01
8.882436752319335938e-01
9.767801761627197266e-01
9.767801761627197266e-01
7.552486658096313477e-01
7.552486658096313477e-01
7.552486658096313477e-01
7.552486658096313477e-01
7.552486658096313477e-01
9.396745562553405762e-01
8.850592374801635742e-01
9.959535598754882812e-01
9.620717763900756836e-01
8.850592374801635742e-01
8.850592374801635742e-01
8.850592374801635742e-01
8.542984724044799805e-01
8.542984724044799805e-01
9.413977265357971191e-01
9.413977265357971191e-01
9.413977265357971191e-01
7.802629470825195312e-01
9.291105270385742188e-01
