9.910004734992980957e-01
9.910004734992980957e-01
9.910004734992980957e-01
9.910004734992980957e-01
9.881363511085510254e-01
9.881363511085510254e-01
9.881363511085510254e-01
9.881363511085510254e-01
9.881363511085510254e-01
9.935741424560546875e-01
9.935741424560546875e-01
9.935741424560546875e-01
9.937481880187988281e-01
9.937481880187988281e-01
9.937481880187988281e-01
9.937481880187988281e-01
9.994217753410339355e-01
9.994217753410339355e-01
9.994217753410339355e-01
9.994217753410339355e-01
9.994217753410339355e-01
9.994217753410339355e-01
9.994217753410339355e-01
9.994217753410339355e-01
9.994217753410339355e-01
9.994217753410339355e-01
9.994217753410339355e-01
9.994217753410339355e-01
9.994217753410339355e-01
9.994217753410339355e-01
9.994217753410339355e-01
9.994217753410339355e-01
9.994217753410339355e-01
9.994217753410339355e-01
9.994217753410339355e-01
9.945462942123413086e-01
9.957090020179748535e-01
9.957090020179748535e-01
9.957090020179748535e-01
9.964588880538940430e-01
9.936615228652954102e-01
9.954503774642944336e-01
9.928405284881591797e-01
9.928405284881591797e-01
9.928405284881591797e-01
9.928405284881591797e-01
9.928405284881591797e-01
9.940121173858642578e-01
9.910147190093994141e-01
9.910147190093994141e-01
9.937481880187988281e-01
9.971399903297424316e-01
9.935705661773681641e-01
9.942003488540649414e-01
9.962122440338134766e-01
9.937481880187988281e-01
9.952238798141479492e-01
9.953608512878417969e-01
9.953608512878417969e-01
9.879139661788940430e-01
9.879139661788940430e-01
9.879139661788940430e-01
9.879139661788940430e-01
9.879139661788940430e-01
9.879139661788940430e-01
9.879139661788940430e-01
9.879139661788940430e-01
9.879139661788940430e-01
9.879139661788940430e-01
9.879139661788940430e-01
9.879139661788940430e-01
9.879139661788940430e-01
9.914153814315795898e-01
9.914153814315795898e-01
9.914153814315795898e-01
9.877727627754211426e-01
9.879263043403625488e-01
9.879263043403625488e-01
9.879263043403625488e-01
9.879263043403625488e-01
9.879263043403625488e-01
9.879263043403625488e-01
9.879263043403625488e-01
9.879263043403625488e-01
9.879263043403625488e-01
9.879263043403625488e-01
9.879263043403625488e-01
9.879263043403625488e-01
9.879263043403625488e-01
9.879263043403625488e-01
9.879263043403625488e-01
9.879263043403625488e-01
9.879263043403625488e-01
9.879263043403625488e-01
9.879263043403625488e-01
9.879263043403625488e-01
9.879263043403625488e-01
9.879263043403625488e-01
9.879263043403625488e-01
9.879263043403625488e-01
9.879263043403625488e-01
9.879263043403625488e-01
9.879263043403625488e-01
9.879263043403625488e-01
9.879263043403625488e-01
9.879263043403625488e-01
9.879263043403625488e-01
9.879263043403625488e-01
9.879263043403625488e-01
9.879263043403625488e-01
9.879263043403625488e-01
9.879263043403625488e-01
9.879263043403625488e-01
9.969812631607055664e-01
9.975264668464660645e-01
9.877727627754211426e-01
9.877727627754211426e-01
9.877727627754211426e-01
9.877727627754211426e-01
9.805853366851806641e-01
9.932242631912231445e-01
9.847855567932128906e-01
9.906014800071716309e-01
9.906014800071716309e-01
9.906014800071716309e-01
9.664245843887329102e-01
9.664245843887329102e-01
9.704471826553344727e-01
9.912994503974914551e-01
9.797478914260864258e-01
9.910141229629516602e-01
9.936082959175109863e-01
9.936082959175109863e-01
9.664245843887329102e-01
9.792356491088867188e-01
9.792356491088867188e-01
9.704471826553344727e-01
9.911528229713439941e-01
9.918138980865478516e-01
9.847855567932128906e-01
9.763641357421875000e-01
9.763641357421875000e-01
9.763641357421875000e-01
9.763641357421875000e-01
9.704471826553344727e-01
9.704471826553344727e-01
9.888085126876831055e-01
9.888085126876831055e-01
9.888085126876831055e-01
9.664245843887329102e-01
9.664245843887329102e-01
9.664245843887329102e-01
9.848557710647583008e-01
9.955784082412719727e-01
9.664245843887329102e-01
9.664245843887329102e-01
9.754866361618041992e-01
9.876403808593750000e-01
9.876403808593750000e-01
9.876403808593750000e-01
9.876403808593750000e-01
9.876403808593750000e-01
9.876403808593750000e-01
9.876403808593750000e-01
9.876403808593750000e-01
9.876403808593750000e-01
9.995110034942626953e-01
9.995110034942626953e-01
9.995110034942626953e-01
9.995110034942626953e-01
9.995110034942626953e-01
9.995110034942626953e-01
9.995110034942626953e-01
9.995110034942626953e-01
9.995110034942626953e-01
9.995110034942626953e-01
9.754866361618041992e-01
9.797478914260864258e-01
9.961326718330383301e-01
9.961326718330383301e-01
9.961326718330383301e-01
9.961326718330383301e-01
9.961326718330383301e-01
9.961326718330383301e-01
9.961326718330383301e-01
9.961326718330383301e-01
9.871687889099121094e-01
9.871687889099121094e-01
9.871687889099121094e-01
9.871687889099121094e-01
9.871687889099121094e-01
9.871687889099121094e-01
9.871687889099121094e-01
9.871687889099121094e-01
9.914153814315795898e-01
9.914153814315795898e-01
9.914153814315795898e-01
9.932216405868530273e-01
9.932216405868530273e-01
9.932216405868530273e-01
9.914153814315795898e-01
9.805853366851806641e-01
9.805853366851806641e-01
9.805853366851806641e-01
9.754866361618041992e-01
9.805853366851806641e-01
9.805853366851806641e-01
9.754866361618041992e-01
9.797478914260864258e-01
9.749374985694885254e-01
9.749374985694885254e-01
9.842731356620788574e-01
9.866234660148620605e-01
9.844063520431518555e-01
9.876973628997802734e-01
9.876973628997802734e-01
9.876973628997802734e-01
9.876973628997802734e-01
9.876973628997802734e-01
9.805853366851806641e-01
9.805853366851806641e-01
9.805853366851806641e-01
9.805853366851806641e-01
9.805853366851806641e-01
9.805853366851806641e-01
9.805853366851806641e-01
9.805853366851806641e-01
9.805853366851806641e-01
9.876973628997802734e-01
9.876973628997802734e-01
9.876973628997802734e-01
9.704471826553344727e-01
9.961881637573242188e-01
9.754866361618041992e-01
9.754866361618041992e-01
9.754866361618041992e-01
9.847855567932128906e-01
9.847855567932128906e-01
9.805853366851806641e-01
9.664245843887329102e-01
9.704471826553344727e-01
9.906030893325805664e-01
9.906030893325805664e-01
9.906030893325805664e-01
9.906030893325805664e-01
9.906030893325805664e-01
9.917807579040527344e-01
9.917807579040527344e-01
9.917807579040527344e-01
9.754866361618041992e-01
9.754866361618041992e-01
9.754866361618041992e-01
9.879263043403625488e-01
9.749374985694885254e-01
9.749374985694885254e-01
9.749374985694885254e-01
9.749374985694885254e-01
9.749374985694885254e-01
9.749374985694885254e-01
9.874941110610961914e-01
9.877727627754211426e-01
9.877727627754211426e-01
9.900721311569213867e-01
9.754866361618041992e-01
9.754866361618041992e-01
9.877727627754211426e-01
9.877727627754211426e-01
9.877727627754211426e-01
9.877727627754211426e-01
9.877727627754211426e-01
9.877727627754211426e-01
9.994209408760070801e-01
9.994209408760070801e-01
9.994209408760070801e-01
9.994209408760070801e-01
9.994209408760070801e-01
9.994209408760070801e-01
9.754866361618041992e-01
9.754866361618041992e-01
9.832199811935424805e-01
9.832199811935424805e-01
9.912011623382568359e-01
9.805853366851806641e-01
9.805853366851806641e-01
9.805853366851806641e-01
9.805853366851806641e-01
9.914920330047607422e-01
9.704471826553344727e-01
9.897665977478027344e-01
9.897665977478027344e-01
9.912011623382568359e-01
9.874696135520935059e-01
9.874696135520935059e-01
9.870864152908325195e-01
9.870864152908325195e-01
9.870864152908325195e-01
9.848908185958862305e-01
9.917807579040527344e-01
9.704471826553344727e-01
9.763641357421875000e-01
9.763641357421875000e-01
9.805853366851806641e-01
9.704471826553344727e-01
9.704471826553344727e-01
9.763641357421875000e-01
9.763641357421875000e-01
9.876973628997802734e-01
9.876973628997802734e-01
9.876973628997802734e-01
9.754866361618041992e-01
9.754866361618041992e-01
9.754866361618041992e-01
9.969812631607055664e-01
9.969812631607055664e-01
9.912011623382568359e-01
9.912011623382568359e-01
9.912011623382568359e-01
9.912011623382568359e-01
9.912011623382568359e-01
9.788866043090820312e-01
9.664245843887329102e-01
9.946205615997314453e-01
9.828356504440307617e-01
9.664245843887329102e-01
9.664245843887329102e-01
9.664245843887329102e-01
9.854283928871154785e-01
9.854283928871154785e-01
9.888793230056762695e-01
9.888793230056762695e-01
9.888793230056762695e-01
9.915068745613098145e-01
9.879140257835388184e-01
